286
t_index  tf-idf
7     0.0
26     0.013
45     0.016
49     0.022
66     0.011
75     0.015
105     0.016
114     0.033
125     0.014
127     0.02
230     0.015
232     0.015
244     0.021
256     0.01
264     0.08
303     0.013
308     0.036
310     0.026
315     0.022
322     0.019
375     0.007
398     0.019
424     0.019
437     0.022
472     0.012
501     0.015
520     0.04
539     0.016
541     0.064
603     0.022
629     0.019
664     0.013
671     0.04
674     0.085
688     0.016
695     0.06
698     0.022
723     0.016
726     0.02
735     0.011
774     0.018
792     0.02
801     0.019
802     0.034
804     0.04
832     0.022
847     0.022
854     0.008
874     0.014
882     0.012
898     0.016
899     0.096
918     0.013
933     0.032
949     0.05
959     0.04
970     0.022
1058     0.022
1068     0.044
1089     0.024
1120     0.021
1136     0.017
1160     0.017
1164     0.017
1170     0.031
1171     0.03
1172     0.019
1178     0.017
1184     0.018
1200     0.012
1211     0.033
1224     0.037
1244     0.04
1252     0.02
1256     0.019
1261     0.016
1266     0.014
1348     0.019
1387     0.02
1407     0.094
1428     0.011
1435     0.022
1436     0.025
1444     0.015
1451     0.049
1460     0.012
1467     0.067
1477     0.044
1485     0.022
1522     0.017
1541     0.243
1542     0.013
1553     0.022
1565     0.015
1569     0.024
1575     0.015
1578     0.08
1610     0.012
1648     0.022
1663     0.067
1674     0.017
1683     0.025
1692     0.074
1697     0.022
1705     0.014
1731     0.019
1732     0.017
1734     0.128
1758     0.027
1785     0.028
1857     0.71
1858     0.046
1872     0.022
1909     0.037
1910     0.022
1913     0.022
1915     0.014
1951     0.015
1957     0.014
1962     0.016
1967     0.063
1969     0.02
1975     0.012
1983     0.033
2000     0.011
2010     0.026
2011     0.013
2022     0.023
2053     0.022
2078     0.012
2107     0.051
2116     0.048
2135     0.012
2142     0.02
2145     0.022
2157     0.02
2186     0.012
2200     0.036
2210     0.055
2214     0.018
2224     0.016
2229     0.022
2237     0.059
2241     0.009
2257     0.02
2281     0.014
2289     0.02
2291     0.022
2295     0.026
2300     0.04
2316     0.024
2327     0.009
2339     0.041
2406     0.062
2407     0.014
2408     0.044
2418     0.014
2431     0.015
2440     0.024
2462     0.017
2473     0.014
2479     0.015
2503     0.052
2509     0.044
2514     0.02
2515     0.013
2516     0.031
2525     0.018
2537     0.013
2540     0.017
2553     0.018
2562     0.02
2589     0.012
2592     0.019
2595     0.015
2614     0.012
2618     0.037
2642     0.022
2652     0.017
2655     0.04
2658     0.022
2659     0.022
2663     0.02
2673     0.029
2675     0.02
2680     0.011
2689     0.022
2690     0.017
2694     0.02
2698     0.016
2709     0.06
2711     0.014
2734     0.026
2736     0.017
2737     0.017
2739     0.02
2751     0.022
2755     0.044
2758     0.025
2762     0.015
2774     0.035
2785     0.017
2799     0.016
2817     0.022
2833     0.018
2857     0.011
2861     0.024
2907     0.062
2914     0.018
2952     0.02
2953     0.022
2955     0.013
2956     0.015
2973     0.014
2980     0.019
2982     0.112
2983     0.138
2984     0.06
3015     0.022
3029     0.018
3070     0.012
3077     0.02
3080     0.013
3104     0.016
3131     0.019
3149     0.022
3155     0.034
3173     0.037
3193     0.02
3194     0.022
3197     0.019
3204     0.007
3205     0.033
3208     0.044
3242     0.012
3251     0.029
3267     0.04
3299     0.023
3342     0.012
3343     0.034
3346     0.014
3381     0.013
3387     0.036
3390     0.022
3404     0.312
3406     0.16
3411     0.033
3412     0.16
3416     0.022
3422     0.018
3423     0.011
3426     0.011
3447     0.009
3459     0.017
3474     0.026
3477     0.017
3489     0.015
3553     0.014
3557     0.022
3559     0.019
3584     0.022
3588     0.019
3589     0.017
3611     0.014
3613     0.011
3644     0.025
3648     0.033
3663     0.022
3664     0.014
3666     0.011
3675     0.111
3689     0.025
3696     0.043
3703     0.012
3718     0.015
3719     0.014
3724     0.027
3731     0.014
3736     0.022
3757     0.016
3766     0.012
3769     0.01
3771     0.017
3775     0.059
3804     0.023
3805     0.026
