22
32
28
33
16
36
20
34
10
26
631
35
25
901
1068
714
579
1071
1090
1016
617
580
1063
142
1080
865
826
228
1028
1066
536
1025
874
1031
1083
1023
539
559
166
389
1027
1043
567
593
864
178
474
1045
738
879
876
471

44
418
775
769
399
765
280
768
762
281
367
779
282
216
217
219

121
482
460
301
341
324
550
369
419
316
338
356
19
585
377
321
422
476
494
428
524
305
4
325
429
477
479
489
420
183
169
309
2
430
609
625
29
5
123
405
18
778
444
357
23
7
372
383
811
48
38
381
386
543
150
49
40
80
14
819
127
66
24
3
94
98
124

220
234
209
905
222
264
236
72
1062
872
425
656
139
76
111
1
881
411
171
387
148
116
61
414
446
180
224
64
447
773
170
679
225
109
452
237
164
185
750
110
112
712
808
187
177
201
194
8
1022
549
251
172
206
9
69
96
652
561
276
332
511
93
715
283
263
448
753
285
246
457
247
257

391
365
340
344
31
315
119
320
729
792
334
796
1034
327
1036
748
328
741
739
1076
640
743
854
644
573
574
575
576
583
584

451
113
435
115
294
745
317
319
120
423
322
95
42
105
226
243
496
244
909
823
939

530
540
587
557
558
590
627
569
548
485
537
570
368
527
553
544
718
373
252
529
555
541
526
520
277
556
545
592
523
546
1079
554
547
572
140
563
577
594
151
374
538
518
531
525
330
532
566
333
144
940
721
203
917
191
929
192
154
160

535
860
890
636
887
751
614
888
1024
923
882
920
815
829
960
15
968
934
830
837
978
50
74
969
976
954
839
851
1048
991
853
84
970
971
981
955
840
841
948
959
63
842
880
588
931
611
604
626
736
737

564
565
595
596
974
1001
1004
1044
814
240
799
794
1050
936
914
300
852
935
846
919
836
680
671
933
913
683
720
262
793
723
337
642
445
296
727
930
638
654
534
304
661
724
719
659
657
597
653
308
676
926
722
916
696
698
480
651
734
677
675
928
938
927
1029
701
695
665
678
533
985
699
707
662
1026
1018
669
710
663
466
1021
660
673
513
1067
658
6
681
78
27
684

693
694
342
728
182
432
272
173
599
434
310
146
184
13
227
242
455
12
107
231
155
456
163
30
75
103
235
158
165
197
783
630
77
101
79
202
199
711
90
106
632
664
82
742
81
85
259
126
73
99

758
647
488
293
417
336
407
686
635
409
702
427
704
705
706
709

781
335
318
323
329
253
354
221
270
208
461

801
932
813
973
820
893
910
850
858
915
798
835
862
817
861
844
648
1093
1095
688
873
1003
984
1056
859
1006
834
1040
1046
1084
1085
1088

806
764
754
299
767
766
807
740
618
314
465
176
802
730
964
233
690
1002
1007
803
756
963
972
67
249
628
645
141
1069
996
1010
995
761
1087
378
983
977
162
551
691
390
1035
942
997
998
1005
1011
763
157
161
1072
379
975
168
273
552
560
431
1037
1038
1054
907
1019
1039
1081
1075
486
439
1052
982
965
174
188
291
290
415
562
384
877
894
1020
1041
1077
1082
440
441
891
1053
979
196
284
223
478
620
307
885
911
1042
591
421
254
207
289
292
190
484
437
133
886
912
1057
941
92
331
275
297
361
623
892
134
132
100
345
375
279
295
522
298
145
102
392
371
258
306
130
408
351
241
131
137
135
362
260
248
136
245
250

845
895
581
358
397
278
898
542
370
401
450
810
1032
11
582
827
639
355
703
646
980
1030
239
789
857
687
621
274
376
674
812
149
346
1033
459
412
788
692
629
622
619
633
519
380
685
682
896
153
509
650
410
790
716
782
902
605
643
641
393
326
668
897
848
156
256
238
666
772
904
746
607
571
624
987
360
993
667
849
956
189
463
672
286
776
747
521
578
613
443
937
832
129
670
957
91
473
288
777
143
598
610
697
1060
838
1086
921
426
68
483
492
147
602
601
615
608
713
114
568
104
490
507
505
453
606
616
637
128
791
508
512
805

871
771
947
424
875
468
433
138
396
388
436
86
394
53
400
464
402
600
83
395
54
52
51
467
603
612
70
398
55
56
62
87
47
586
528
57
71
65
59
17
97
589
382
60
232
689
45
403
404
122
649
118
21
883
88
125
58
816
89
108
515
117
994
1073
1070

878
267
366
469
167
349
470
214
186
343
475
204
266
352
359
175
268
348
198
211
269
364
200
212
213
218
271

952
990
755
1009
958
770
800
41
179
962
774
760
731
46
37
193
655
869
949
732
780
735
39
205
215
717
385
884
733
786
700
951
43
634
152
261
752
797
744
908
303
287
757
945
804
900
302
265
759
953
918
313
311
510
961
967
458
462

1015
1094
870
889
1089
1055
1091
1013
1014
999
1058
818
749
1012
821
255
517
1047
822
825
833
847
866
487
514
472
497
1078
824
828
843
943
867
988
498
491
516
725
406
944
868
1092
499
454
493
495
363
504
181
863
500
481
416
809
449
195
501
502
350
229
230
159
503
353
339
210
347
438
442
413
506

1049
1065
1000
708
1074
1008
992
922
946
1017
986
924
726
989
966
925
903
855
950
1064
785
312
856
1051
1061
787
831
784
899
1059
795
906

